[1] "C:/Users/lokra_000/OneDrive/Github/website/lokspage"
"x"
"1"	"ef"
[1] 1
[1] "abcd"
[1] 3
[1] "cdef"
[1] 5
[1] "efab"
[1] 7
[1] "abcd"
[1] 9
[1] "cdef"
[1] 11
[1] "efab"
[1] 13
[1] "abcd"
[1] 15
[1] "cdef"
[1] 17
[1] "efab"
[1] 19
[1] "abcd"
[1] 21
[1] "cdef"
[1] 23
[1] "ef"
[1] 1
[1] "abcd"
[1] 3
[1] "cdef"
[1] 5
[1] "efab"
[1] 7
[1] "abcd"
[1] 9
[1] "cdef"
[1] 11
[1] "efab"
[1] 13
[1] "abcd"
[1] 15
[1] "cdef"
[1] 17
[1] "efab"
[1] 19
[1] "abcd"
[1] 21
[1] "cdef"
[1] 23
[1] "ef"
[1] 1
[1] "abcd"
[1] 3
[1] "cdef"
[1] 5
[1] "efab"
[1] 7
[1] "abcd"
[1] 9
[1] "cdef"
[1] 11
[1] "efab"
[1] 13
[1] "abcd"
[1] 15
[1] "cdef"
[1] 17
[1] "efab"
[1] 19
[1] "abcd"
[1] 21
[1] "cdef"
[1] 23
[1] "ef"
[1] "ef"
[1] 1
[1] "abcd"
[1] 3
[1] "cdef"
[1] 5
[1] "efab"
[1] 7
[1] "abcd"
[1] 9
[1] "cdef"
[1] 11
[1] "efab"
[1] 13
[1] "abcd"
[1] 15
[1] "cdef"
[1] 17
[1] "efab"
[1] 19
[1] "abcd"
[1] 21
[1] "cdef"
[1] 23
[1] "ef"
[1] 1
[1] "abcd"
[1] 3
[1] "cdef"
[1] 5
[1] "efab"
[1] 7
[1] "abcd"
[1] 9
[1] "cdef"
[1] 11
[1] "efab"
[1] 13
[1] "abcd"
[1] 15
[1] "cdef"
[1] 17
[1] "efab"
[1] 19
[1] "abcd"
[1] 21
[1] "cdef"
[1] 23
[1] "ef"
[1] "ef"
[1] 23
[1] 1
[1] "abcd"
[1] 3
[1] "cdef"
[1] 5
[1] "efab"
[1] 7
[1] "abcd"
[1] 9
[1] "cdef"
[1] 11
[1] "efab"
[1] 13
[1] "abcd"
[1] 15
[1] "cdef"
[1] 17
[1] "efab"
[1] 19
[1] "abcd"
[1] 21
[1] "cdef"
[1] 23
[1] "ef"
[1] "ef"
[1] 23
[1] "ef"
[1] 23
> 2
ef[1] 24
> 5
abcde[1] 1
[1] "abcd"
[1] 3
[1] "cdef"
[1] 5
[1] "efab"
[1] 7
[1] "abcd"
[1] 9
[1] "cdef"
[1] 11
[1] "efab"
[1] 13
[1] "abcd"
[1] 15
[1] "cdef"
[1] 17
[1] "efab"
[1] 19
[1] "abcd"
[1] 21
[1] "cdef"
[1] 23
[1] "ef"
[1] "ef"
[1] 23
[1] 1
[1] "abcd"
[1] 3
[1] "cdef"
[1] 5
[1] "efab"
[1] 7
[1] "abcd"
[1] 9
[1] "cdef"
[1] 11
[1] "efab"
[1] 13
[1] "abcd"
[1] 15
[1] "cdef"
[1] 17
[1] "efab"
[1] 19
[1] "abcd"
[1] 21
[1] "cdef"
[1] 23
[1] "ef"
[1] "ef"
[1] 23
[1] 1
